89569578246
89569572038
89569573032
89569578063
89569577874
8956957282
89569571499
89569578455
89569578671
89569576233
89569578621
89569575517
89569574020
89569574560
89569572109
89569578240
89569578503
89569578152
89569575302
89569577905
89569576159
89569577054
89569578323
89569572299
89569573320
89569571501
89569575616
89569579382
8956957632
8956957854
89569576824
89569571299
89569579896
89569572863
89569572881
89569572436
89569572676
89569573205
89569579464
89569575887
89569579331
89569573513
89569575471
89569571108
89569579004
89569577212
89569575097
89569571835
89569573473
89569576420
